... logging to /home/parallels/.ros/log/f6bc2fd2-7fd9-11e5-a29d-001c425f3d78/roslaunch-ubuntu-16689.log
Checking log directory for disk usage. This may take awhile.
Press Ctrl-C to interrupt
Done checking log file disk usage. Usage is <1GB.
]2;/home/parallels/Desktop/ROS_workspace/src/prx_packages/manipulation/input/baxter/baxter_IK_statistics.launch
[1mstarted roslaunch server http://ubuntu:59459/[0m

SUMMARY
========

PARAMETERS
 * /prx/spaces/AirControl: EEE
 * /prx/spaces/Airplane: EEEREEE
 * /prx/spaces/BAXTER_EE_POSE: EEEEEEE
 * /prx/spaces/Baxter: EEEEEEEEEEEEEEDD
 * /prx/spaces/BaxterControl: EEEEEEEEEEEEEEE
 * /prx/spaces/BaxterLeftArm: EEEEEEE
 * /prx/spaces/Baxter_Arm_Left: EEEEEEED
 * /prx/spaces/ConstructionDiskControl: ERDD
 * /prx/spaces/ConstructionDiskState: EEERRD
 * /prx/spaces/D: D
 * /prx/spaces/DynamicRigidBody: EEEQQQQEEEEEE
 * /prx/spaces/EMPTY: 
 * /prx/spaces/FixedWing: EEEERRRRE
 * /prx/spaces/Hand: D
 * /prx/spaces/HeliControl: EERR
 * /prx/spaces/ManipulationSampler: EEERR
 * /prx/spaces/ManipulationSamplerNear: ERR
 * /prx/spaces/Motoman: EEEEEEEEEEEEEEEEDD
 * /prx/spaces/MotomanLeft: EEEEEEEEE
 * /prx/spaces/MotomanLeftArm: EEEEEEEE
 * /prx/spaces/MotomanRight: EEEEEEEE
 * /prx/spaces/MotomanRightArm: EEEEEEE
 * /prx/spaces/ODE_B: E
 * /prx/spaces/ODE_J: E
 * /prx/spaces/OneLink: RE
 * /prx/spaces/PointRollPitchYaw: EEERRR
 * /prx/spaces/Pushing: EERER
 * /prx/spaces/R: R
 * /prx/spaces/RR: RR
 * /prx/spaces/RallyCar: EEEEREEE
 * /prx/spaces/RallyCarTask: EEER
 * /prx/spaces/Rd: E
 * /prx/spaces/Rdd: E
 * /prx/spaces/SE2: EER
 * /prx/spaces/SE2andZ: EEER
 * /prx/spaces/SE3: EEEQQQQ
 * /prx/spaces/SOCar: EEREE
 * /prx/spaces/SimpleManipulator: EEERRRD
 * /prx/spaces/THREE_D_BODY: EEEEEE
 * /prx/spaces/TWO_D_BODY: EEEE
 * /prx/spaces/ThreeLink: RRREEE
 * /prx/spaces/Time: E
 * /prx/spaces/TwoLink: RREE
 * /prx/spaces/Vector: ER
 * /prx/spaces/WheelControl: REE
 * /prx/spaces/X: E
 * /prx/spaces/XR: ER
 * /prx/spaces/XXXXXX: EEEEEE
 * /prx/spaces/XXd: EE
 * /prx/spaces/XXdRRd: EERE
 * /prx/spaces/XY: EE
 * /prx/spaces/XYZ: EEE
 * /prx/spaces/Xd: E
 * /prx/spaces/XdRd: EE
 * /prx/spaces/XdYd: EE
 * /prx/spaces/Xdd: E
 * /prx/spaces/XddRdd: EE
 * /prx/spaces/XddYdd: EE
 * /prx/spaces/bomb_state: EEE
 * /rosdistro: indigo
 * /rosversion: 1.11.13
 * /simulation/baxter/end_effectors: ['end_effector_le...
 * /simulation/baxter/geometries: [{'collision_geom...
 * /simulation/baxter/ignored_dofs/head: 0
 * /simulation/baxter/ignored_geoms/base: 0
 * /simulation/baxter/ignored_geoms/display: 0
 * /simulation/baxter/ignored_geoms/dummyhead1: 0
 * /simulation/baxter/ignored_geoms/head_camera: 0
 * /simulation/baxter/ignored_geoms/left_arm_itb: 0
 * /simulation/baxter/ignored_geoms/left_arm_mount: 0
 * /simulation/baxter/ignored_geoms/left_gripper: 0
 * /simulation/baxter/ignored_geoms/left_hand_accelerometer: 0
 * /simulation/baxter/ignored_geoms/left_hand_camera: 0
 * /simulation/baxter/ignored_geoms/left_hand_camera_axis: 0
 * /simulation/baxter/ignored_geoms/left_hand_range: 0
 * /simulation/baxter/ignored_geoms/left_torso_itb: 0
 * /simulation/baxter/ignored_geoms/right_arm_itb: 0
 * /simulation/baxter/ignored_geoms/right_arm_mount: 0
 * /simulation/baxter/ignored_geoms/right_gripper: 0
 * /simulation/baxter/ignored_geoms/right_hand_accelerometer: 0
 * /simulation/baxter/ignored_geoms/right_hand_camera: 0
 * /simulation/baxter/ignored_geoms/right_hand_camera_axis: 0
 * /simulation/baxter/ignored_geoms/right_hand_range: 0
 * /simulation/baxter/ignored_geoms/right_torso_itb: 0
 * /simulation/baxter/initial_control: [0, 0, 0, 0, 0, 0...
 * /simulation/baxter/initial_state: [0, 0, 0, 0, 0, 0...
 * /simulation/baxter/input_control_space/max: [1.70167993878, 1...
 * /simulation/baxter/input_control_space/min: [-1.70167993878, ...
 * /simulation/baxter/input_control_space/scale: [1, 1, 1, 1, 1, 1...
 * /simulation/baxter/integrator/type: euler
 * /simulation/baxter/max_step: 0.05
 * /simulation/baxter/root_frame/orientation: [0, 0, 0, 1]
 * /simulation/baxter/root_frame/position: [0, 0, 1]
 * /simulatio[0;35m[PRINT][/simulation][manipulator.cpp::populate_state_vectors][573]:    IGN: head
[0;36m[PRINT][/simulation][manipulator.cpp::populate_state_vectors][580]:    left_upper_shoulder
[0;36m[PRINT][/simulation][manipulator.cpp::populate_state_vectors][580]:    left_lower_shoulder
[0;36m[PRINT][/simulation][manipulator.cpp::populate_state_vectors][580]:    left_upper_elbow
[0;36m[PRINT][/simulation][manipulator.cpp::populate_state_vectors][580]:    left_lower_elbow
[0;36m[PRINT][/simulation][manipulator.cpp::populate_state_vectors][580]:    left_upper_forearm
[0;36m[PRINT][/simulation][manipulator.cpp::populate_state_vectors][580]:    left_lower_forearm
[0;36m[PRINT][/simulation][manipulator.cpp::populate_state_vectors][580]:    left_wrist
[0;36m[PRINT][/simulation][manipulator.cpp::populate_state_vectors][580]:    right_upper_shoulder
[0;36m[PRINT][/simulation][manipulator.cpp::populate_state_vectors][580]:    right_lower_shoulder
[0;36m[PRINT][/simulation][manipulator.cpp::populate_state_vectors][580]:    right_upper_elbow
[0;36m[PRINT][/simulation][manipulator.cpp::populate_state_vectors][580]:    right_lower_elbow
[0;36m[PRINT][/simulation][manipulator.cpp::populate_state_vectors][580]:    right_upper_forearm
[0;36m[PRINT][/simulation][manipulator.cpp::populate_state_vectors][580]:    right_lower_forearm
[0;36m[PRINT][/simulation][manipulator.cpp::populate_state_vectors][580]:    right_wrist
[0;32m[DEBUG_COLOR][/simulation][trimesh.cpp::create_mesh_from_file][411]:    IMPORTING MODEL FILE /home/parallels/Desktop/pracsys/pracsys_models/meshes/base/pedestal_link_collision.STL
[0;32m[DEBUG_COLOR][/simulation][trimesh.cpp::create_mesh_from_file][471]:    NUMBER OF VERTICES 362 NUMBER OF FACES 204
[0;32m[DEBUG_COLOR][/simulation][trimesh.cpp::create_mesh_from_file][411]:    IMPORTING MODEL FILE /home/parallels/Desktop/pracsys/pracsys_models/meshes/electric_gripper/electric_gripper_w_fingers.STL
[0;32m[DEBUG_COLOR][/simulation][trimesh.cpp::create_mesh_from_file][471]:    NUMBER OF VERTICES 22517 NUMBER OF FACES 45754
[0;32m[DEBUG_COLOR][/simulation][trimesh.cpp::create_mesh_from_file][411]:    IMPORTING MODEL FILE /home/parallels/Desktop/pracsys/pracsys_models/meshes/electric_gripper/electric_gripper_w_fingers.STL
[0;32m[DEBUG_COLOR][/simulation][trimesh.cpp::create_mesh_from_file][471]:    NUMBER OF VERTICES 22517 NUMBER OF FACES 45754
[0;32m[DEBUG_COLOR][/simulation][trimesh.cpp::create_mesh_from_file][411]:    IMPORTING MODEL FILE /home/parallels/Desktop/pracsys/pracsys_models/meshes/torso/base_link_collision.STL
[0;32m[DEBUG_COLOR][/simulation][trimesh.cpp::create_mesh_from_file][471]:    NUMBER OF VERTICES 24206 NUMBER OF FACES 9159
[0;36m[DEBUG_COLOR][/simulation][integration_plant.cpp::init][45]:    Normal integrator
baxter left arm space # of dimensions: 7
baxter full space # of dimensions: 16
Start generating FK.
Dataset is generated.
----------------------- 1000 random configurations ---------------------
		 rotation matrix 00-22		|	transition xyz	
-0.477095 -0.775331 -0.413815 -0.829425 0.552907 -0.0796777 0.290578 0.305214 -0.906868 	|	-0.366491 0.259388 0.217897 
-0.667122 -0.554136 0.497877 0.517662 0.13577 0.844744 -0.5357 0.821279 0.19628 	|	0.44592 0.796122 0.676215 
-0.861939 -0.393013 -0.320315 -0.151181 0.802256 -0.577521 0.483948 -0.449362 -0.750912 	|	-0.342987 -0.104214 -0.323049 
-0.138029 0.626841 -0.766824 -0.948847 -0.305674 -0.0790796 -0.283968 0.716683 0.636968 	|	-0.0547743 0.172213 1.1559 
-0.981567 -0.159985 0.10455 0.0436601 0.344874 0.937633 -0.186064 0.924915 -0.331532 	|	-0.0075598 0.705238 0.284583 
0.966195 -0.0141224 0.257427 0.0590721 0.984062 -0.167728 -0.250955 0.177265 0.951629 	|	0.563584 0.0596632 1.15631 
-0.443028 -0.865361 -0.234258 -0.69762 0.16865 0.696335 -0.563073 0.47192 -0.67841 	|	0.315728 -0.286013 -0.370523 
-0.271785 -0.291734 0.917073 -0.956768 -0.0206531 -0.290119 0.103578 -0.956276 -0.273509 	|	0.482569 0.517092 0.690331 
-0.480478 -0.126262 -0.86787 -0.247978 0.968759 -0.00365176 0.841218 0.213458 -0.496777 	|	-0.242641 0.193752 0.836411 
-0.483712 0.862177 -0.150578 -0.380819 -0.0524243 0.923162 0.788035 0.503887 0.353691 	|	0.132049 0.828384 0.842303 
-0.123712 -0.557639 0.820813 0.988513 0.00311094 0.151101 -0.0868133 0.830078 0.550849 	|	0.595165 -0.0388032 0.641524 
-0.86499 -0.148782 0.479224 -0.459477 0.618686 -0.637267 -0.201676 -0.771422 -0.603519 	|	0.703983 -0.136577 -0.122972 
0.715268 0.587331 -0.378726 -0.00840149 -0.534662 -0.845024 -0.698799 0.607601 -0.377492 	|	0.286441 -0.3062 0.282605 
0.0491079 -0.996291 0.070664 0.511073 0.0858508 0.855239 -0.858133 -0.00588459 0.513393 	|	0.543611 0.724744 0.688262 
-0.530757 -0.769807 0.354534 0.563857 -0.00842647 0.82583 -0.632742 0.638221 0.438533 	|	0.491041 0.446269 -0.253828 
0.365859 -0.356015 0.859884 0.770095 -0.403004 -0.494511 0.52259 0.843114 0.126722 	|	0.600499 0.251079 -0.0478445 
-0.800832 -0.566497 -0.19429 0.570298 -0.622315 -0.536176 0.182833 -0.54019 0.821442 	|	0.0106332 -0.453498 1.16661 
0.658592 0.619505 0.427165 -0.402697 -0.189384 0.895527 0.635682 -0.761805 0.124746 	|	0.44109 -0.115593 0.710441 
-0.260039 -0.881817 -0.393419 0.846083 -0.404426 0.34725 -0.46532 -0.242566 0.851257 	|	0.0862145 0.657221 0.969722 
-0.713701 0.188805 0.674525 -0.615456 -0.628815 -0.475191 0.334433 -0.754284 0.564987 	|	0.38869 -0.0380891 1.16216 
0.104451 -0.57981 -0.808029 0.521314 0.723828 -0.452002 0.846949 -0.374024 0.377867 	|	-0.250724 -0.807277 0.288317 
-0.496936 -0.446949 -0.743836 -0.50024 -0.552874 0.666401 -0.709095 0.703255 0.0511616 	|	0.0326957 0.537707 0.73852 
0.67223 0.102184 -0.733257 -0.183029 -0.936747 -0.298338 -0.717361 0.334759 -0.611007 	|	-0.503703 -0.231874 0.691485 
0.500367 0.0315888 -0.865237 -0.798237 -0.370221 -0.475136 -0.335338 0.928406 -0.160031 	|	-0.0655104 -0.329893 0.220182 
-0.510817 -0.611774 0.603985 0.557909 0.298617 0.774316 -0.654067 0.732503 0.188775 	|	0.173057 -0.077559 0.983439 
0.601826 -0.733429 -0.31605 -0.733971 -0.351962 -0.580869 0.314789 0.581554 -0.750135 	|	-0.0524358 -0.543327 0.180737 
0.312714 -0.949813 0.00808794 -0.0846219 -0.0193775 0.996225 -0.94607 -0.312217 -0.0864346 	|	0.661252 0.596458 0.678158 
0.205977 0.541328 -0.815192 0.410182 0.708575 0.574171 0.888439 -0.452643 -0.0760931 	|	-0.493558 0.322772 0.596942 
-0.955935 0.274908 -0.103022 -0.127336 -0.0720665 0.989238 0.264525 0.958766 0.103897 	|	-0.0824507 0.728332 0.366883 
-0.351176 -0.245753 -0.903482 0.606927 -0.794511 -0.0197952 -0.712962 -0.5553 0.428168 	|	-0.261252 0.776846 0.206671 
0.036407 -0.792065 0.60935 0.888098 0.305224 0.343685 -0.458209 0.52865 0.714544 	|	0.473021 0.462441 1.10537 
-0.688881 0.512139 0.512988 -0.35864 -0.85581 0.372783 0.629937 0.0728253 0.773224 	|	0.364748 0.217961 1.19927 
0.00452634 0.0330657 0.999443 -0.527016 -0.849308 0.0304854 0.849843 -0.526861 0.0135819 	|	0.999337 -0.38068 0.531269 
0.919506 0.293363 -0.261625 0.102145 0.464387 0.879722 0.379573 -0.835633 0.397041 	|	0.180539 0.557998 0.966639 
-0.898781 0.155008 -0.410079 -0.406162 -0.646479 0.645831 -0.164999 0.747019 0.644002 	|	-0.248624 0.657463 0.896751 
-0.168077 0.56411 -0.808412 -0.49493 -0.757515 -0.425694 -0.852522 0.328558 0.406516 	|	-0.0352681 -0.668757 0.848627 
0.0605053 -0.206059 0.976667 0.253004 -0.943341 -0.214702 0.965571 0.260091 -0.00494341 	|	0.829089 -0.0223705 0.618577 
0.947605 -0.208918 0.241656 -0.304483 -0.361915 0.881083 -0.0966153 -0.908499 -0.406564 	|	0.537308 0.326403 -0.197592 
-0.611893 0.0395807 0.78995 -0.265698 0.930422 -0.252428 -0.744978 -0.364347 -0.558802 	|	0.783518 -0.432521 -0.371747 
0.994602 0.0864905 -0.0573211 0.0036639 -0.581365 -0.813635 -0.103696 0.809033 -0.578544 	|	0.41875 -0.515394 0.0203748 
-0.0330798 0.775602 -0.630355 -0.521704 -0.551357 -0.651023 -0.852485 0.307323 0.422873 	|	-0.407239 -0.580989 0.849821 
0.798267 0.602228 -0.00954589 0.296935 -0.379707 0.876158 0.524022 -0.702243 -0.48193 	|	-0.00376314 1.00718 -0.114113 
-0.242234 0.969712 0.0313311 0.211479 0.021256 0.977151 0.946889 0.243325 -0.210223 	|	-0.0829992 0.955187 -0.15681 
-0.879198 -0.302017 -0.368506 -0.476361 0.572693 0.66716 0.00954692 0.762108 -0.647379 	|	-0.248367 0.83847 -0.0115514 
0.943211 0.0543932 0.327712 -0.0565955 -0.94577 0.319869 0.327339 -0.320251 -0.888982 	|	0.34335 0.414917 -0.192243 
0.0693068 0.647317 -0.759063 -0.470238 -0.64986 -0.597126 -0.879814 0.398325 0.259353 	|	0.432312 -0.181207 0.549686 
-0.245484 -0.877871 0.411192 0.832837 -0.408065 -0.373986 0.496104 0.250649 0.831298 	|	0.312371 -0.400443 1.21204 
-0.244323 -0.54113 -0.804664 0.317969 0.739225 -0.593669 0.91608 -0.400906 -0.00854673 	|	-0.43144 -0.145017 -0.0228256 
-0.337822 0.905552 0.256615 0.040186 -0.258518 0.96517 0.940352 0.336368 0.0509425 	|	0.885973 0.167666 0.0921278 
0.170906 0.549393 0.817899 -0.581819 0.726201 -0.366223 -0.795159 -0.413279 0.443759 	|	0.868371 -0.158157 0.875405 
-0.666347 0.671125 0.32492 -0.106271 -0.516789 0.849491 0.73803 0.531527 0.415682 	|	0.385342 0.657416 0.533475 
-0.481553 -0.20062 -0.853146 0.787807 0.327442 -0.521672 0.384013 -0.923327 0.000368999 	|	0.340995 -0.379854 0.559614 
-0.0797173 -0.720294 0.689073 -0.557561 0.605242 0.568162 -0.8263 -0.338908 -0.449856 	|	0.767998 0.220051 0.42956 
0.60624 -0.792816 0.0625788 0.135738 0.180684 0.97413 -0.783613 -0.582062 0.217153 	|	-0.0130248 0.343306 0.755506 
0.866647 -0.120888 0.484056 -0.490757 -0.0317323 0.870719 -0.0898991 -0.992159 -0.0868272 	|	0.545869 0.807151 0.546291 
0.306627 -0.748378 0.588141 -0.841457 -0.501945 -0.200004 0.444893 -0.433569 -0.783638 	|	0.94622 -0.211826 -0.254705 
0.853949 0.372158 -0.363688 -0.348791 -0.10929 -0.930806 -0.386154 0.921713 0.0364776 	|	-0.0834089 -0.410347 1.00262 
0.0442874 -0.517967 0.854253 -0.736472 0.560841 0.378241 -0.675017 -0.645885 -0.35663 	|	0.697085 0.262651 0.631163 
0.32696 0.920753 0.212863 0.942807 -0.333274 -0.00656487 0.064897 0.202835 -0.97706 	|	0.46981 -0.31313 -0.612459 
0.0446163 -0.314023 0.948366 -0.831581 -0.537746 -0.138936 0.553609 -0.782444 -0.285128 	|	0.430881 0.108693 0.934525 
0.758898 -0.430901 0.48826 -0.641203 -0.363505 0.675813 -0.113723 -0.825947 -0.552158 	|	0.246748 0.482814 0.77858 
-0.155149 -0.23732 0.958962 0.944605 0.248556 0.214338 -0.289223 0.939095 0.185611 	|	0.755773 0.647988 0.634533 
-0.554822 -0.333948 -0.762005 0.511192 -0.859455 0.00445251 -0.656396 -0.38706 0.647556 	|	-0.422612 -0.330881 0.842442 
0.672361 0.731773 0.111531 -0.722509 0.616012 0.313863 0.160972 -0.291611 0.942895 	|	0.505056 0.206027 1.14664 
0.0869581 0.963788 -0.252092 -0.994569 0.0985144 0.0335636 0.0571829 0.247805 0.967121 	|	0.0614048 0.0357271 1.29378 
0.906283 -0.197499 -0.373691 0.387787 0.740234 0.549249 0.168143 -0.642688 0.747449 	|	-0.00368992 0.707583 0.837519 
-0.858799 -0.472137 -0.198873 -0.228166 0.00492114 0.97361 -0.458699 0.881511 -0.111952 	|	0.285338 0.567037 0.908354 
-0.269937 0.962876 -0.00204458 0.693474 0.195884 0.693343 0.668003 0.185741 -0.720605 	|	0.79882 0.358618 0.0872333 
0.774327 -0.606673 -0.179902 -0.122035 -0.422134 0.898282 -0.620907 -0.67361 -0.400905 	|	-0.327825 0.559469 0.250012 
-0.392153 -0.271023 -0.879069 -0.686669 -0.54965 0.475783 -0.612129 0.79021 0.029444 	|	-0.718287 -0.0222458 0.644827 
0.595812 -0.426182 0.680718 -0.485882 -0.866158 -0.117003 0.639473 -0.261036 -0.723142 	|	0.638636 -0.136288 0.0915454 
-0.429977 -0.708745 0.559286 -0.0678917 0.643102 0.762765 -0.900284 0.29 -0.324637 	|	0.435749 -0.158583 0.370162 
-0.818183 -0.449664 -0.358299 0.549045 -0.426071 -0.719036 0.170664 -0.785026 0.59549 	|	0.560082 -0.0710245 0.684967 
0.749257 -0.642828 0.159329 -0.0385803 -0.282533 -0.958481 0.661154 0.712002 -0.236491 	|	-0.056539 0.111973 0.742309 
0.812618 0.341817 -0.472031 -0.155299 -0.653653 -0.740689 -0.561724 0.675203 -0.478086 	|	-0.198081 0.0326189 0.0141219 
0.167763 0.78282 -0.599207 0.810945 0.236033 0.535404 0.560557 -0.575744 -0.595226 	|	0.0246523 0.61906 0.152466 
-0.696353 0.234901 -0.678169 -0.614209 0.293761 0.732429 0.371268 0.926567 -0.0602833 	|	-0.126699 0.556594 0.392499 
-0.526716 0.717741 0.455433 0.803555 0.245663 0.542171 0.277255 0.651535 -0.706139 	|	0.580328 0.669873 -0.0846211 
0.702855 -0.598109 -0.385046 0.555182 0.122838 0.822608 -0.444711 -0.791945 0.418396 	|	0.00456737 0.777048 0.780088 
-0.943937 0.287196 -0.162792 0.330071 0.829998 -0.449619 0.00598799 -0.478145 -0.878261 	|	-0.270352 -0.349628 -0.407049 
0.320777 -0.731046 -0.602224 -0.885379 -0.457304 0.0835255 -0.33646 0.506403 -0.793946 	|	-0.229539 0.0271825 0.520128 
-0.0960763 -0.0691336 0.99297 0.775494 0.620189 0.118213 -0.624001 0.7814 -0.00597271 	|	0.936799 -0.0605019 0.790076 
-0.307079 0.73586 0.6035 0.945503 0.308055 0.105483 -0.10829 0.603003 -0.790355 	|	0.585125 -0.0706744 0.117007 
0.822343 -0.15156 -0.548436 0.280483 0.946603 0.158974 0.495057 -0.284558 0.820942 	|	-0.071337 0.440228 0.626984 
-0.856888 -0.364215 -0.364816 0.343026 0.125415 -0.930916 0.384807 -0.922832 0.0174687 	|	0.227184 -0.383074 0.895871 
-0.586715 0.587379 -0.557451 0.502981 0.803829 0.317599 0.634646 -0.0940469 -0.767059 	|	0.108681 0.393166 0.0424458 
0.502855 0.565544 0.653679 0.405694 0.513354 -0.756227 -0.763249 0.645466 0.0287049 	|	0.871197 -0.42134 0.334876 
0.749755 -0.46518 -0.470611 0.57204 0.813138 0.107592 0.332622 -0.349876 0.875757 	|	0.648073 -0.184768 0.78382 
0.846677 -0.186589 0.49832 -0.527707 -0.174244 0.831363 -0.0682934 -0.966863 -0.245993 	|	0.669714 0.40101 0.570405 
-0.592482 -0.784266 0.184096 -0.543573 0.557863 0.62715 -0.594553 0.271506 -0.75683 	|	0.867214 0.258487 0.328692 
-0.0714921 -0.697495 -0.713014 0.876593 -0.384997 0.288724 -0.475892 -0.604382 0.638944 	|	-0.0192739 0.365966 0.641657 
-0.0536659 -0.37047 -0.927293 -0.298231 -0.880301 0.368956 -0.952984 0.296348 -0.0632436 	|	0.144378 0.779677 0.531491 
0.68884 -0.605345 0.398819 -0.410325 -0.779137 -0.473897 0.597606 0.162794 -0.785089 	|	0.340608 0.486236 -0.38152 
0.268049 0.414542 0.869658 -0.345558 0.883996 -0.314867 -0.8993 -0.216118 0.380202 	|	0.969396 0.351754 0.473772 
0.754274 0.271937 -0.597595 -0.272537 -0.698391 -0.661796 -0.597322 0.662043 -0.452665 	|	-0.124797 -0.410151 0.839559 
0.451602 0.722296 0.523779 0.890387 -0.40245 -0.212709 0.0571558 0.562426 -0.82487 	|	0.523002 -0.252369 -0.0524734 
-0.743436 0.0104102 -0.668726 0.590939 -0.458013 -0.664089 -0.313199 -0.888884 0.334352 	|	0.541579 -0.578957 0.469999 
-0.993939 0.0472152 -0.0992811 0.105383 0.151979 -0.98275 -0.0313121 -0.987255 -0.156034 	|	0.0551818 -0.620692 0.549234 
0.223662 0.525233 -0.821039 -0.646975 0.710036 0.277977 0.72897 0.469019 0.498621 	|	-0.603554 -0.213649 0.651837 
0.393067 -0.877982 0.273214 0.214587 -0.201338 -0.955728 0.89412 0.434293 0.109264 	|	0.0769647 -0.487035 0.682163 
0.0546926 0.904348 -0.423276 0.0577204 0.420339 0.90553 0.996834 -0.0739575 -0.02921 	|	-0.312617 0.641298 0.858442 
-0.737697 0.674877 0.0185526 -0.483801 -0.547603 0.682692 0.470892 0.494644 0.730471 	|	-0.186001 0.418279 1.10461 
0.0130912 0.792985 0.609101 -0.896566 -0.260396 0.358278 0.442716 -0.550789 0.707555 	|	0.430474 0.394047 0.601141 
0.40048 -0.914755 0.0532863 -0.915459 -0.401933 -0.0196419 0.039385 -0.0409152 -0.998386 	|	0.17189 -0.338146 -0.322675 
-0.38152 -0.922466 0.0591524 0.908023 -0.385987 -0.162813 0.173022 -0.00840466 0.984882 	|	0.504554 -0.233286 0.873489 
-0.0694545 0.932434 0.354602 -0.0219576 0.353945 -0.935008 -0.997343 -0.0727268 -0.00410911 	|	0.611264 -0.470691 0.804247 
-0.284557 -0.205451 0.936385 -0.594105 -0.728791 -0.340446 0.752374 -0.653187 0.0853233 	|	0.730532 0.154557 0.862889 
-0.47162 -0.645141 -0.601139 -0.721002 -0.110353 0.684089 -0.507671 0.756053 -0.413103 	|	-0.422413 0.346558 0.183703 
-0.128958 -0.445323 0.886034 -0.919293 -0.281355 -0.275209 0.371847 -0.850016 -0.373099 	|	0.959592 -0.301618 -0.186794 
-0.393906 -0.355209 -0.847741 -0.918536 0.118399 0.377192 -0.0336103 0.927258 -0.372911 	|	-0.211469 0.377277 0.311935 
-0.530043 -0.428388 0.731805 0.109641 0.82114 0.560096 -0.840853 0.377111 -0.388271 	|	0.209619 0.688114 0.390825 
0.16862 -0.343585 -0.92386 0.00152953 0.937371 -0.34833 0.98568 0.0573224 0.158585 	|	0.295964 -0.214686 0.912659 
0.468265 0.782756 -0.409902 -0.749538 0.106241 -0.65338 -0.467889 0.613193 0.636455 	|	0.402416 -0.383124 0.793928 
0.190374 -0.252293 0.948739 -0.566705 0.760891 0.316054 -0.801625 -0.597824 0.00187786 	|	0.793242 0.0439345 0.403944 
0.0832962 0.797333 -0.597764 -0.987612 -0.013997 -0.15629 -0.132982 0.603378 0.78629 	|	0.370199 0.102244 0.576563 
-0.286546 0.511236 -0.810265 0.366415 -0.722954 -0.585728 -0.88523 -0.464731 0.0198351 	|	-0.102389 -0.644484 0.492325 
0.0742485 0.889801 -0.450268 0.801456 0.215439 0.557901 0.593427 -0.402294 -0.697141 	|	-0.331124 -0.0348284 0.125066 
0.581028 -0.620851 -0.526261 -0.623039 -0.755331 0.203216 -0.523668 0.209807 -0.825683 	|	0.268103 -0.428284 -0.13112 
-0.895567 0.179008 -0.407327 -0.147937 -0.98321 -0.106829 -0.419611 -0.0354138 0.907013 	|	-0.23495 -0.269502 0.777391 
-0.894297 0.272812 -0.354693 0.445373 0.465942 -0.764552 -0.0433131 -0.841707 -0.538194 	|	-0.241735 -0.052277 0.478792 
0.170994 -0.910076 0.377521 0.961412 0.0703058 -0.265977 0.215517 0.408434 0.88698 	|	0.45622 -0.252729 1.21697 
-0.876384 -0.277991 -0.393284 -0.257153 -0.420355 0.870158 -0.407215 0.863726 0.296906 	|	0.0189029 0.26016 1.10931 
-0.100363 -0.905832 -0.411576 -0.964247 -0.013419 0.264667 -0.245266 0.423424 -0.872099 	|	0.115536 0.777125 -0.315216 
-0.000644235 0.510943 0.859614 0.980685 0.168458 -0.0993943 -0.195594 0.842947 -0.501182 	|	0.674955 -0.508914 0.178449 
0.219226 0.971151 -0.0938399 -0.549724 0.202406 0.810454 0.806067 -0.126086 0.578237 	|	0.212204 0.871446 0.861708 
-0.907362 -0.348415 0.235162 -0.419737 0.781201 -0.46211 -0.0227024 -0.518007 -0.855075 	|	-0.107888 -0.324486 -0.354505 
-0.888197 0.221287 -0.402665 0.335977 0.910603 -0.24067 0.31341 -0.349049 -0.883142 	|	0.253761 0.26921 -0.362918 
0.0602675 0.530212 0.84572 0.593612 0.662119 -0.457408 -0.802491 0.529597 -0.274836 	|	0.36709 -0.854627 -0.134313 
-0.680048 -0.145933 0.718497 -0.31067 0.945018 -0.102105 -0.664092 -0.292652 -0.687995 	|	0.785594 0.17908 0.187949 
-0.191442 0.794686 -0.576043 -0.920754 -0.348682 -0.175025 -0.339945 0.496886 0.798462 	|	-0.201959 -0.740655 0.87944 
0.557703 -0.768867 -0.312746 0.131274 -0.29034 0.947876 -0.819594 -0.569689 -0.0609911 	|	0.291986 0.34787 0.332856 
0.347085 0.355152 -0.867986 -0.370952 -0.798055 -0.474872 -0.861352 0.486802 -0.145249 	|	0.295652 -0.368587 0.0817367 
0.148228 -0.374024 -0.915497 0.13285 -0.909802 0.393207 -0.979989 -0.179908 -0.0851692 	|	-0.254391 0.440418 0.744949 
0.519269 -0.808793 -0.276067 -0.466955 0.00203407 -0.884279 0.71576 0.588089 -0.376614 	|	-0.136864 -0.953497 -0.175842 
0.382446 -0.883504 0.270473 0.369109 -0.122268 -0.921308 0.84705 0.452185 0.279348 	|	0.460588 -0.42303 0.517391 
0.339629 -0.295123 0.893059 0.903451 -0.161713 -0.397021 0.261589 0.941675 0.211706 	|	0.935921 0.172214 0.60793 
-0.531194 0.159738 -0.832055 0.615492 -0.602131 -0.508535 -0.582239 -0.782254 0.221531 	|	-0.474049 -0.00917625 0.75746 
-0.920521 0.00808071 -0.390611 0.271197 -0.706469 -0.653723 -0.281237 -0.707698 0.648128 	|	0.344888 -0.492598 1.03016 
-0.22629 0.782803 -0.579666 -0.727274 -0.531661 -0.434061 -0.64797 0.323353 0.689621 	|	-0.10166 0.0342615 1.1979 
0.669984 -0.258484 -0.695922 0.682859 -0.153193 0.714308 -0.291248 -0.953791 0.0738713 	|	-0.537623 0.324679 0.649835 
-0.314425 -0.533627 -0.785098 -0.0159872 -0.82395 0.566437 -0.949148 0.190653 0.250539 	|	0.0850107 0.435858 0.559697 
0.159749 -0.274952 -0.948094 -0.264793 -0.937166 0.227167 -0.950981 0.214759 -0.222517 	|	-0.323578 0.349922 0.403172 
0.739724 -0.616002 -0.270831 0.525943 0.278209 0.803731 -0.419752 -0.736981 0.52978 	|	-0.212491 0.522597 1.05887 
-0.614668 0.686474 -0.388506 0.785647 0.488914 -0.379106 -0.0703009 -0.538253 -0.839846 	|	0.390488 0.00380221 -0.434434 
-0.344898 -0.70377 0.62109 -0.58474 -0.356512 -0.728683 0.734251 -0.614497 -0.288562 	|	0.727759 -0.374449 0.434485 
0.466266 -0.80551 0.365717 -0.149245 -0.479106 -0.864976 0.871964 0.348728 -0.343609 	|	0.455866 -0.38308 0.88289 
0.621055 0.282674 -0.731017 -0.139637 -0.877869 -0.458092 -0.771228 0.386577 -0.505733 	|	0.00211723 -0.459727 0.741375 
0.461821 0.874782 0.146553 -0.870138 0.478867 -0.116384 -0.17199 -0.0737725 0.982332 	|	0.479668 -0.0344048 1.13266 
0.529759 0.0980621 -0.84246 -0.237075 0.970821 -0.0360754 0.81434 0.218838 0.53755 	|	-0.429281 -0.408525 0.489989 
0.797946 0.266067 -0.540824 -0.370181 -0.491778 -0.788112 -0.475656 0.829073 -0.293919 	|	0.0943771 -0.113789 0.460776 
-0.201098 0.312938 0.92824 -0.329824 -0.9139 0.236649 0.922375 -0.258566 0.286998 	|	0.588333 0.75242 0.279818 
-0.113629 -0.196006 0.973997 0.918994 -0.393272 0.0280708 0.377544 0.898287 0.224816 	|	0.594851 0.022563 0.986883 
0.166914 0.80339 0.57158 -0.982466 0.184365 0.0277653 -0.083073 -0.566192 0.820076 	|	0.0991232 0.415581 0.82636 
0.0040425 -0.832053 0.554681 0.673519 0.41227 0.613519 -0.739158 0.371109 0.56207 	|	0.164285 0.370446 0.670673 
-0.153208 -0.385388 -0.909947 0.864807 0.393268 -0.312168 0.478159 -0.834755 0.273035 	|	0.186534 -0.637352 -0.0804407 
-0.834276 0.186962 -0.51868 -0.475168 0.233329 0.848394 0.27964 0.954255 -0.105823 	|	-0.537033 0.10109 0.59227 
0.38377 -0.14838 -0.91143 0.226391 0.972002 -0.0629164 0.895247 -0.182194 0.406617 	|	-0.203852 0.31108 1.05267 
0.236018 -0.213351 0.948038 -0.837197 0.450664 0.309844 -0.493352 -0.866824 -0.0722525 	|	1.06516 0.400749 0.297126 
-0.849088 0.241508 0.469812 -0.519274 -0.218321 -0.826251 -0.0969766 -0.945521 0.310783 	|	0.521556 -0.33351 1.01125 
-0.426366 0.548698 0.719126 -0.401246 0.597786 -0.694012 -0.810687 -0.58445 -0.0347123 	|	0.202774 -1.00152 0.255014 
0.868919 -0.494953 -0.00152136 0.00478405 0.00532501 0.999974 -0.494932 -0.868904 0.00699488 	|	0.349393 0.368422 0.0727849 
0.649316 -0.482906 0.587529 0.760378 0.397348 -0.513751 0.0146401 0.780331 0.625195 	|	0.420313 -0.401216 1.01026 
0.0975242 0.664046 -0.741304 -0.23 -0.709653 -0.665952 -0.968292 0.235446 0.083522 	|	0.0198745 -0.287448 0.0975419 
-0.672532 0.684042 0.282466 0.608717 0.294215 0.736818 0.420909 0.667476 -0.614257 	|	0.521897 0.307379 -0.485809 
-0.302206 0.70368 -0.643044 -0.290923 -0.710487 -0.640759 -0.907764 -0.00656513 0.41943 	|	0.28941 -0.269351 0.805781 
0.242335 0.960904 0.133932 0.969719 -0.235584 -0.0643865 -0.0303168 0.14548 -0.988897 	|	-0.196584 0.37267 0.201509 
-0.972848 0.20562 -0.106239 -0.180175 -0.384722 0.905277 0.14527 0.899838 0.411324 	|	0.564755 0.0848715 0.942394 
0.401492 0.800056 0.445774 0.480384 -0.59836 0.641246 0.779766 -0.0433129 -0.624571 	|	0.485802 -0.188611 0.280419 
-0.435132 -0.236128 0.868852 0.590555 0.653573 0.473378 -0.679636 0.719087 -0.144944 	|	0.810366 0.74294 0.282255 
0.721013 -0.513858 0.464856 0.159801 0.776089 0.610041 -0.674244 -0.365563 0.641685 	|	0.554574 0.521549 0.619664 
0.534601 -0.385445 -0.752086 0.160138 -0.827608 0.537979 -0.829794 -0.408042 -0.380715 	|	-0.340071 0.627992 -0.392573 
-0.216928 -0.14545 -0.965291 0.611667 0.750399 -0.250528 0.760793 -0.644784 -0.0738155 	|	0.192929 0.0482129 0.25049 
0.376296 0.902535 0.209362 0.537647 -0.396748 0.743994 0.754544 -0.167399 -0.63454 	|	0.338745 0.753292 -0.315122 
-0.0117666 0.211196 0.977373 0.962454 -0.262697 0.0683519 0.271188 0.941481 -0.200176 	|	0.36496 0.18056 -0.357018 
0.645081 0.582255 -0.494822 0.257034 0.44449 0.858115 0.719586 -0.68074 0.137073 	|	-0.386902 0.59595 0.70225 
0.949937 0.205509 0.235343 0.223115 0.0811126 -0.971412 -0.218723 0.975288 0.0311997 	|	-0.142577 -0.847939 0.278442 
-0.795455 0.40359 -0.452069 0.601807 0.613808 -0.510948 0.07127 -0.678494 -0.73114 	|	0.717063 -0.249948 -0.0644582 
-0.626729 -0.725441 0.284509 0.590265 -0.203605 0.78111 -0.508722 0.65748 0.555807 	|	0.241082 0.0360877 1.16452 
-0.631244 -0.246505 -0.735368 0.411986 -0.909891 -0.0486433 -0.657114 -0.333667 0.67592 	|	0.136406 -0.140629 0.829726 
0.795519 -0.283366 -0.535587 -0.568989 -0.653255 -0.499509 -0.208331 0.702112 -0.680909 	|	-0.211158 -0.484556 0.262906 
0.460638 -0.174954 0.870175 0.709284 0.661943 -0.242381 -0.5336 0.728851 0.429008 	|	-0.0629503 -0.175006 0.947365 
0.05523 -0.724708 0.686839 -0.996433 0.0039492 0.084292 -0.0637995 -0.689045 -0.721905 	|	0.746102 0.417831 -0.395524 
0.550911 -0.421807 0.720123 -0.39882 0.624908 0.671142 -0.733103 -0.656939 0.176044 	|	0.551977 0.368609 0.880815 
-0.100512 -0.0913365 0.990735 0.738811 -0.67379 0.0128369 0.666375 0.733256 0.135205 	|	0.82132 -0.0465827 0.932945 
0.378578 -0.323644 -0.867141 -0.892521 -0.375767 -0.24941 -0.245122 0.868363 -0.431116 	|	0.0579775 -0.51198 -0.428514 
0.516132 0.779549 -0.354839 0.841855 -0.538025 0.0425296 -0.157759 -0.320674 -0.933959 	|	-0.397738 0.209108 0.153989 
-0.149666 0.381574 0.912141 -0.93555 -0.353147 -0.0057763 0.319916 -0.854218 0.409835 	|	0.859964 -0.37572 0.683536 
0.368534 -0.910979 -0.185204 -0.845088 -0.411313 0.341538 -0.387311 0.0306451 -0.92144 	|	-0.386225 -0.058771 0.127501 
0.809081 -0.578483 -0.103665 -0.497919 -0.768436 0.401974 -0.312195 -0.273613 -0.909764 	|	0.140699 0.713694 0.52979 
-0.889436 -0.350245 -0.293651 -0.189604 0.867332 -0.460201 0.415876 -0.353642 -0.837845 	|	-0.477476 0.0939193 0.255352 
0.968047 0.155834 0.19647 0.219804 -0.15016 -0.963918 -0.120709 0.976303 -0.179615 	|	-0.0350439 -0.493274 0.923427 
-0.822745 -0.520458 -0.228502 -0.379109 0.801976 -0.461639 0.423517 -0.293184 -0.857133 	|	0.470328 -0.0177483 -0.00637388 
0.707761 -0.674839 0.208964 0.139089 -0.156894 -0.977772 0.692624 0.721094 -0.0171805 	|	0.739236 -0.0410371 0.309156 
-0.487659 0.872938 -0.0130059 -0.693308 -0.37817 0.613442 0.530578 0.308167 0.789633 	|	-0.302379 0.417842 0.506691 
-0.0834959 0.888009 0.452182 -0.462943 0.367262 -0.806724 -0.882447 -0.276692 0.380432 	|	0.376817 -0.112316 1.06534 
0.988221 -0.146137 0.0454203 0.0853954 0.280306 -0.956105 0.12699 0.948721 0.289484 	|	-0.0411644 -0.771108 0.476965 
0.64028 -0.459271 0.615721 0.757962 0.507816 -0.40941 -0.124643 0.72883 0.673254 	|	0.735115 -0.417351 0.999312 
-0.502128 0.85361 -0.138627 0.696064 0.303806 -0.650535 -0.513188 -0.423146 -0.746717 	|	0.25791 -0.117377 -0.0945341 
-0.348685 -0.164553 -0.922681 -0.229862 0.969414 -0.0860222 0.908616 0.182095 -0.375845 	|	-0.27104 -0.114078 0.610251 
0.929324 0.00885028 0.36916 0.220835 0.787916 -0.574821 -0.295954 0.615719 0.730275 	|	0.426412 0.369096 1.01317 
0.00184564 -0.618088 -0.786107 -0.423166 0.711772 -0.560635 0.90605 0.333688 -0.26024 	|	-0.51261 -0.801109 0.251284 
-0.501128 0.707253 0.498662 -0.855338 -0.317313 -0.409523 -0.131405 -0.631748 0.763955 	|	0.629894 0.119381 0.325855 
0.860513 0.0522099 0.506746 -0.461662 0.500472 0.732391 -0.215374 -0.864177 0.454766 	|	0.419207 0.497873 0.949289 
-0.0161799 0.950509 -0.310277 0.998834 0.0294788 0.0382201 0.0454752 -0.309296 -0.949878 	|	0.370795 0.10638 0.259032 
0.14656 0.905888 0.397351 0.2688 0.350103 -0.897315 -0.95198 0.238318 -0.192191 	|	0.699806 0.00104105 -0.0870802 
0.667587 0.276412 -0.691321 -0.71438 -0.0237604 -0.699355 -0.209736 0.960746 0.181601 	|	0.18875 -0.680189 0.867788 
0.301236 0.370458 -0.878645 0.170307 -0.927533 -0.332682 -0.938218 -0.049424 -0.342498 	|	0.340994 0.317414 0.165701 
0.537311 -0.834451 0.122427 -0.647752 -0.315342 0.693525 -0.540106 -0.451941 -0.709954 	|	-0.155259 0.0095608 0.0264177 
-0.321874 -0.651484 -0.686998 -0.784885 0.589405 -0.1912 0.529483 0.477672 -0.701054 	|	-0.274592 0.637916 0.0273063 
0.228419 -0.755497 -0.614044 -0.385134 -0.649389 0.655718 -0.894146 0.0867106 -0.4393 	|	-0.547971 0.460351 0.432023 
-0.425631 -0.733661 0.529698 -0.321458 -0.424597 -0.846394 0.845874 -0.530527 -0.0551192 	|	0.813299 -0.0265444 0.722668 
0.854166 -0.236165 -0.463278 0.317278 0.942558 0.104492 0.411989 -0.236242 0.880031 	|	-0.134075 0.480005 1.00666 
-0.909114 -0.351166 -0.224039 0.415592 -0.72828 -0.544877 0.0281788 -0.588465 0.808032 	|	0.063789 0.0354973 0.732853 
-0.897268 -0.366991 0.245414 -0.139115 0.762589 0.631748 -0.418995 0.532706 -0.7353 	|	0.505174 0.0817538 -0.383258 
-0.530533 0.0512779 0.846112 0.480279 -0.804306 0.349891 0.698475 0.591999 0.402083 	|	0.709728 0.141399 0.624521 
-0.156318 0.317475 0.935294 0.96115 -0.169215 0.218078 0.2275 0.933047 -0.278689 	|	0.809568 0.175291 0.541459 
-0.366682 0.608229 0.70399 0.036686 0.765561 -0.642316 -0.929623 -0.209699 -0.303031 	|	0.708686 -0.184345 0.110027 
-0.997396 -0.0717104 0.00766651 -0.0532144 0.660029 -0.749353 0.0486763 -0.74781 -0.662126 	|	0.588641 0.0689046 -0.422721 
0.642837 -0.494505 0.585 -0.427569 0.402018 0.80967 -0.635567 -0.770614 0.0469965 	|	0.747786 0.440538 0.635027 
-0.341116 0.457349 -0.821262 0.598341 0.779462 0.185547 0.725002 -0.428102 -0.539538 	|	0.0651756 0.81236 0.156839 
0.322389 -0.945241 -0.050851 0.826994 0.255107 0.501 -0.460593 -0.20357 0.863952 	|	0.578541 -0.293462 0.931448 
0.0615718 -0.777096 0.626363 -0.818431 -0.39851 -0.413958 0.571297 -0.487147 -0.660536 	|	0.712247 0.353465 0.472602 
-0.929156 0.225026 -0.293314 -0.122614 0.560917 0.818742 0.348763 0.796703 -0.493588 	|	0.0537459 1.00861 0.281648 
-0.138669 0.32124 -0.93679 0.735275 0.667077 0.119912 0.663432 -0.67217 -0.328703 	|	-0.536183 -0.179625 0.564533 
0.941464 -0.33702 0.00796246 0.336811 0.941356 0.0201731 -0.0142943 -0.0163104 0.999765 	|	0.0438772 0.134779 1.29993 
0.0852818 -0.993858 0.0705171 0.99048 0.0768902 -0.114185 0.108061 0.0795836 0.990954 	|	0.0242499 0.250549 1.17318 
0.562028 0.264179 -0.783795 -0.494762 -0.652012 -0.574535 -0.662824 0.710696 -0.235743 	|	-0.00687308 -0.786746 0.681748 
-0.538501 0.834182 -0.118984 0.0822978 0.192598 0.97782 0.838596 0.516765 -0.172366 	|	0.14668 0.0785978 0.515299 
-0.681498 0.576583 -0.45068 0.730347 0.496804 -0.468806 -0.0464061 -0.648643 -0.759676 	|	0.475875 -0.10165 0.424108 
-0.191132 0.489532 0.85078 0.627582 -0.605505 0.489392 0.754725 0.627473 -0.19149 	|	0.617904 -0.0411902 0.212821 
0.215163 -0.807707 -0.548921 -0.224604 0.506089 -0.832722 0.950399 0.302461 -0.0725227 	|	-0.00308739 -0.575476 0.442384 
0.693033 0.539791 0.47784 0.28575 0.402852 -0.869516 -0.661855 0.739146 0.124944 	|	0.348133 -0.209581 1.03795 
0.403857 0.639718 0.653957 0.874797 -0.479187 -0.071485 0.267638 0.600949 -0.753147 	|	-0.0536046 0.347861 0.402321 
0.405133 -0.554683 -0.726769 0.539301 0.786888 -0.299937 0.738256 -0.270433 0.617936 	|	-0.386879 0.110645 0.402916 
0.322791 0.800428 -0.505094 0.408781 -0.599222 -0.688354 -0.853642 0.0157213 -0.520624 	|	-0.374487 -0.411061 0.271713 
0.0714016 -0.968943 -0.236753 -0.997446 -0.0689474 -0.0186406 0.00173818 0.237479 -0.971391 	|	0.0301756 0.252499 -0.360265 
-0.742729 0.204574 0.637576 0.5023 0.799866 0.328496 -0.442773 0.564238 -0.696841 	|	0.634298 0.280782 0.18557 
-0.424378 0.608531 0.670517 0.621842 0.734132 -0.272694 -0.658191 0.30123 -0.68996 	|	0.829348 -0.37893 -0.358826 
-0.468984 -0.572266 0.67273 0.287783 -0.819136 -0.496183 0.835006 -0.0391012 0.54885 	|	0.501738 -0.878417 0.354812 
-0.503084 -0.818761 0.276652 0.169614 -0.407425 -0.897349 0.84743 -0.404518 0.343842 	|	0.596944 -0.915235 0.438684 
-0.65278 0.636101 0.411404 0.705749 0.708017 0.0251045 -0.275312 0.306736 -0.911107 	|	0.662772 -0.547099 -0.286826 
-0.939729 -0.333006 0.0775618 -0.246158 0.501463 -0.829422 0.237308 -0.798525 -0.553211 	|	0.350201 -0.400544 0.535083 
-0.829755 0.502698 -0.242491 0.293474 0.762529 0.576561 0.474742 0.407239 -0.780241 	|	0.0141624 0.230487 0.530239 
-0.631221 0.0386423 -0.77464 -0.406298 0.83428 0.372692 0.660668 0.549985 -0.510915 	|	-0.387996 -0.219021 0.689287 
-0.810656 0.456781 0.366316 -0.256051 0.286074 -0.923363 -0.526568 -0.842326 -0.114949 	|	0.465329 -0.86587 0.485982 
0.175563 0.22803 0.957695 -0.975058 -0.0939047 0.201105 0.13579 -0.969115 0.205857 	|	0.467593 0.813101 0.210108 
-0.107813 -0.550364 -0.827935 -0.802865 0.539352 -0.253983 0.586332 0.637337 -0.500017 	|	-0.339684 0.0169203 0.843028 
-0.984252 0.173117 0.0357554 -0.109763 -0.757074 0.644043 0.138564 0.629976 0.764154 	|	-0.222191 0.841352 0.179828 
-0.258966 -0.0937976 -0.961321 -0.959381 -0.0903419 0.267258 -0.111916 0.991484 -0.0665921 	|	-0.522749 0.168441 0.891896 
0.310954 0.948343 0.0628765 0.103085 -0.0994188 0.989692 0.944818 -0.301267 -0.128675 	|	0.482221 0.157267 0.707146 
-0.128979 0.720902 0.680929 0.801202 -0.32886 0.499926 0.584328 0.610042 -0.535172 	|	0.744923 0.164255 0.144182 
-0.349826 -0.393916 -0.849972 0.595073 -0.794181 0.123144 -0.72354 -0.462717 0.512234 	|	-0.281661 0.529022 0.30576 
-0.757115 0.621872 -0.20013 -0.563131 -0.46597 0.682463 0.33115 0.629402 0.702988 	|	-0.178084 0.535488 0.298499 
0.129141 -0.729825 0.671325 -0.661865 -0.567563 -0.4897 0.738415 -0.381086 -0.556342 	|	0.847663 -0.598672 0.391114 
-0.170567 -0.658892 0.732644 -0.868062 -0.251339 -0.428131 0.466234 -0.709006 -0.52909 	|	0.515904 -0.467154 0.448531 
-0.16952 -0.724252 -0.668373 -0.918382 0.362134 -0.15948 0.357544 0.586786 -0.726529 	|	-0.127203 -0.409341 0.250293 
0.266029 -0.378726 0.886451 -0.963403 -0.0730527 0.257912 -0.0329205 -0.922621 -0.3843 	|	0.924922 0.290102 -0.224171 
-0.235954 0.14394 -0.961045 -0.808014 0.520348 0.276318 0.539851 0.841735 -0.00647266 	|	-0.404792 -0.341569 0.672405 
0.41538 0.48202 -0.771437 0.590948 -0.787721 -0.174 -0.691549 -0.383603 -0.612053 	|	-0.298381 -0.306098 0.299365 
0.67356 0.654534 0.343369 0.0416759 0.430186 -0.901778 -0.737956 0.621712 0.262478 	|	0.613503 -0.637189 0.451811 
-0.787951 0.542382 0.29147 -0.537332 -0.374541 -0.755641 -0.300679 -0.752024 0.586559 	|	0.817159 0.182295 0.506386 
-0.926942 -0.247978 0.281577 0.177007 0.372689 0.910918 -0.330828 0.894209 -0.301568 	|	-0.0739204 0.334427 0.900325 
-0.607642 0.0793042 -0.790241 0.677848 -0.466725 -0.568057 -0.413875 -0.88084 0.229846 	|	-0.485117 -0.357997 0.831428 
-0.123317 0.114779 -0.985707 0.97094 0.219252 -0.0959394 0.205107 -0.968893 -0.138481 	|	-0.521935 -0.404475 0.731021 
-0.802885 0.37838 0.460656 -0.0838461 0.693381 -0.715676 -0.590208 -0.61323 -0.52498 	|	0.691887 0.0126881 -0.248837 
-0.703136 -0.264513 0.660025 0.623699 -0.675192 0.393846 0.341466 0.688584 0.639728 	|	0.723825 0.292241 0.49168 
-0.911958 -0.00198839 0.410279 -0.20705 -0.861084 -0.464398 0.354208 -0.508459 0.78486 	|	-0.0886894 0.0301365 0.385791 
0.446098 -0.747819 -0.491695 0.841623 0.163654 0.514673 -0.304415 -0.643416 0.702387 	|	0.553056 -0.178791 0.853495 
0.863857 -0.292439 -0.410159 0.149689 0.926477 -0.345302 0.480983 0.236895 0.844119 	|	-0.382865 -0.15268 1.14789 
0.960106 0.271139 0.0684124 0.199781 -0.836266 0.510634 0.195664 -0.476595 -0.857072 	|	0.129649 -0.161662 0.138276 
0.276351 -0.796265 0.538137 -0.388723 0.419485 0.820321 -0.878933 -0.435883 -0.193602 	|	0.509539 0.126229 0.035738 
0.135541 -0.121177 0.983334 0.264807 0.960817 0.0819015 -0.954728 0.249292 0.162318 	|	0.842129 0.466037 0.756441 
0.895086 0.128908 0.426854 0.354494 -0.786409 -0.50586 0.270472 0.604106 -0.749601 	|	0.511145 -0.199654 0.135782 
-0.850768 -0.323458 0.414209 0.499408 -0.252141 0.828865 -0.163664 0.91203 0.376051 	|	0.394509 0.468832 1.02173 
-0.2616 -0.403036 -0.876999 -0.444152 0.856986 -0.261352 0.85691 0.321151 -0.403196 	|	-0.618748 -0.0414239 0.27107 
0.206245 -0.914001 -0.349378 -0.0448383 0.347852 -0.936477 0.977473 0.208809 0.0307604 	|	0.15367 -0.324727 -0.382816 
-0.941437 -0.213294 -0.261155 -0.335323 0.673588 0.658663 0.0354222 0.707661 -0.705664 	|	0.257776 0.285777 0.250769 
0.473464 0.568804 -0.672528 0.0153817 -0.768754 -0.63936 -0.880679 0.292369 -0.372726 	|	0.277979 -0.494107 0.654862 
0.0618938 0.954747 -0.290907 -0.430675 0.288483 0.855159 0.900382 0.0723574 0.429041 	|	-0.420939 0.400994 0.858389 
